Centroid Data:
[-28.0, 180.0, -28.0, 180.0]
[-28.0, 180.0, -28.0, 180.0]
[-28.0, 180.0, -28.0, 180.0]
[-28.0, 180.0, -28.0, 180.0]
[-28.0, 180.0, -28.0, 180.0]
[-8.0, 223.0, -28.0, 180.0]
[-17.0, 64.0, -28.0, 180.0]
[5.0, -83.0, -28.0, 180.0]
[43.0, -133.0, -28.0, 180.0]
[103.0, -191.0, -28.0, 180.0]
[-11.0, -192.0, -28.0, 180.0]
[19.0, 30.0, -28.0, 180.0]
[-23.0, 50.0, -28.0, 180.0]
[-28.0, 100.0, -28.0, 180.0]
[75.0, 44.0, -28.0, 180.0]
[53.0, 42.0, -28.0, 180.0]
[45.0, -17.0, -28.0, 180.0]
[100.0, 3.0, -28.0, 180.0]
[60.0, -15.0, -28.0, 180.0]
[-24.0, 2.0, -28.0, 180.0]
[-19.0, -7.0, -28.0, 180.0]
[-5.0, -2.0, -28.0, 180.0]
[3.0, -2.0, -28.0, 180.0]
[11.0, 2.0, -28.0, 180.0]
[5.0, -4.0, -28.0, 180.0]
[21.0, -4.0, -28.0, 180.0]
[13.0, -1.0, -28.0, 180.0]
[-14.0, 126.0, -28.0, 180.0]
[23.0, 1.0, -28.0, 180.0]
[50.0, -73.0, -28.0, 180.0]
[33.0, 47.0, -28.0, 180.0]
[159.0, -177.0, -28.0, 180.0]
